A = [1 2 3 4 5; 6 7 8 9 10]
B = [1; 2; 3; 4; 5]
C = [1 1; 2 2 ; 0 0]

#{
A =
    1    2    3    4    5
    6    7    8    9   10

B =
   1
   2
   3
   4
   5

C =
   1   1
   2   2
   0   0
#}