A = [1 2 3; 4 5 6; 7 8 9]
B = [1 -1 1; 2 2 -1; -1 2 1]

X = A+B
Y = A-B

#{
A =
   1   2   3
   4   5   6
   7   8   9

B =
   1  -1   1
   2   2  -1
  -1   2   1

X =
    2    1    4
    6    7    5
    6   10   10

Y =
   0   3   2
   2   3   7
   8   6   8
#}